1	30	0.683172196149826	0.76953125
2	30	0.5075561627745628	0.8515625
3	30	0.2983449511229992	0.88671875
4	30	0.23621274158358574	0.9296875
5	30	0.2285028900951147	0.9296875
6	30	0.23327608592808247	0.9375
7	30	0.17795265279710293	0.94921875
8	30	0.18718092143535614	0.953125
9	30	0.12241499219089746	0.953125
10	30	0.36871230602264404	0.89453125
11	30	0.22079897299408913	0.9453125
12	30	0.09296841360628605	0.96875
13	30	0.12295234575867653	0.96875
14	30	0.12889283150434494	0.95703125
15	30	0.1892060562968254	0.9453125
16	30	0.20823650620877743	0.9375
17	30	0.12968669645488262	0.9609375
18	30	0.11321643367409706	0.96484375
19	30	0.06964434031397104	0.98828125
20	30	0.09877081401646137	0.9609375
21	30	0.0790562336333096	0.984375
22	30	0.16094346717000008	0.9609375
23	30	0.12461770977824926	0.9609375
24	30	0.06889900006353855	0.9765625
25	30	1.8548620641231537	0.69921875
26	30	0.3794766366481781	0.890625
27	30	0.30173541978001595	0.91015625
28	30	0.12646640464663506	0.96875
29	30	0.13384303078055382	0.9609375
30	30	0.09513787738978863	0.96875
31	30	0.04771259427070618	0.984375
32	30	0.29222695250064135	0.9765625
33	30	0.10451476369053125	0.95703125
34	30	0.12126515340059996	0.95703125
35	30	0.4958258345723152	0.9140625
36	30	0.3270237557590008	0.91015625
37	30	0.20845800079405308	0.921875
38	30	0.10420662816613913	0.96875
39	30	0.141957207582891	0.95703125
40	30	0.134665054269135	0.96484375
41	30	0.11845692759379745	0.96484375
42	30	0.10266623646020889	0.97265625
43	30	0.09636890050023794	0.9609375
44	30	0.12704859767109156	0.9609375
45	30	0.07247684709727764	0.96484375
46	30	0.05830781348049641	0.98046875
47	30	0.14268572954460979	0.96875
48	30	0.05849200673401356	0.97265625
49	30	0.07146825268864632	0.98046875
50	30	0.0676583128515631	0.98046875
51	30	0.0634641763754189	0.96484375
52	30	0.06371550401672721	0.9765625
53	30	0.08534747129306197	0.98046875
54	30	0.05173862888477743	0.98046875
55	30	0.2215054389089346	0.94921875
56	30	0.24080472439527512	0.94140625
57	30	0.13932139612734318	0.95703125
58	30	0.20781540498137474	0.94140625
59	30	0.12423510942608118	0.9609375
60	30	0.07969919219613075	0.97265625
61	30	0.05475997761823237	0.98828125
62	30	0.059262750670313835	0.984375
63	30	0.06710548233240843	0.9765625
64	30	0.031101071857847273	0.9921875
65	30	0.04466083203442395	0.9765625
66	30	0.032735929009504616	0.9921875
67	30	0.11980770993977785	0.96875
68	30	0.02217372111044824	0.98828125
69	30	0.03052954515442252	0.99609375
70	30	0.02512643812224269	0.9921875
71	30	0.02492795791476965	0.9921875
72	30	0.09657661058008671	0.97265625
73	30	0.0420103024225682	0.98828125
74	30	0.07180777180474252	0.98046875
75	30	0.06705902889370918	0.98046875
76	30	0.09307128936052322	0.96875
77	30	0.18963658809661865	0.94140625
78	30	0.22654222324490547	0.921875
79	30	0.24195770919322968	0.93359375
80	30	0.1550229825079441	0.953125
81	30	0.10463531129062176	0.9765625
82	30	0.07560595544055104	0.98046875
83	30	0.08954095281660557	0.97265625
84	30	0.08022716548293829	0.9765625
85	30	0.03748467634432018	0.98828125
86	30	0.09636612422764301	0.9765625
87	30	0.040528859943151474	0.98828125
88	30	0.1042727567255497	0.97265625
89	30	0.11798642156645656	0.96875
90	30	0.06367499427869916	0.98046875
91	30	0.04649506299756467	0.98828125
92	30	0.05977107910439372	0.98046875
93	30	0.009062802535481751	1.0
94	30	0.05927771236747503	0.9765625
95	30	0.0301709322957322	0.9921875
96	30	0.039705329574644566	0.9921875
97	30	0.03070356894750148	0.984375
98	30	0.02875357959419489	0.9921875
99	30	0.0225341435871087	0.99609375
100	30	0.009383936820086092	1.0
101	30	0.09929449576884508	0.953125
102	30	0.03797334650880657	0.98828125
103	30	0.042374539421871305	0.98828125
104	30	0.058645674493163824	0.97265625
105	30	0.04002428206149489	0.98046875
106	30	0.01492564135696739	0.9921875
107	30	0.038198330788873136	0.98828125
108	30	0.022300841752439737	0.9921875
109	30	0.04115459346212447	0.984375
110	30	0.018449349561706185	0.9921875
111	30	0.014185422682203352	0.99609375
112	30	0.08287027105689049	0.97265625
113	30	0.038301092805340886	0.98046875
114	30	0.01861992257181555	0.9921875
115	30	0.017145570076536387	0.9921875
116	30	0.02376342355273664	0.98828125
117	30	0.043595276423729956	0.984375
118	30	0.01705130038317293	0.9921875
119	30	0.03872271301224828	0.984375
120	30	0.20338213630020618	0.9296875
121	30	0.17398397624492645	0.953125
122	30	0.26778028160333633	0.8984375
123	30	0.2617400772869587	0.9375
124	30	0.06265690829604864	0.9921875
125	30	0.08740773983299732	0.9765625
126	30	0.06844790931791067	0.97265625
127	30	0.05938442540355027	0.9921875
128	30	0.08646261040121317	0.96484375
129	30	0.08403571089729667	0.9765625
130	30	0.05642337445169687	0.98046875
131	30	0.046301346737891436	0.984375
132	30	0.03133475314825773	0.99609375
133	30	0.11922234948724508	0.94921875
134	30	0.09031328558921814	0.97265625
135	30	0.10450154519639909	0.9765625
136	30	0.0643894518725574	0.97265625
137	30	0.025869325036183	0.9921875
138	30	0.047423001145944	0.984375
139	30	0.017630926333367825	0.9921875
140	30	0.0371732595958747	0.98828125
141	30	0.019696678296895698	0.99609375
142	30	0.04358401009812951	0.984375
143	30	0.039786485489457846	0.9921875
144	30	0.062329924665391445	0.98046875
145	30	0.020552356261759996	0.9921875
146	30	0.03244352270849049	0.984375
147	30	0.050056572537869215	0.97265625
148	30	0.033758320088963956	0.98828125
149	30	0.030830536503344774	0.98828125
150	30	0.4790122378617525	0.953125
151	30	0.025932758348062634	0.98828125
152	30	0.07648858008906245	0.98828125
153	30	0.16483923606574535	0.94140625
154	30	0.2802688926458359	0.91796875
155	30	0.04923118371516466	0.9765625
156	30	0.08391294721513987	0.96484375
157	30	0.038761168834753335	0.98828125
158	30	0.19081833260133862	0.9609375
159	30	0.0891377819061745	0.9765625
160	30	0.05047249858034775	0.98828125
161	30	0.03774228354450315	0.98046875
162	30	0.05485725635662675	0.98046875
163	30	0.0387152039911598	0.98828125
164	30	0.10540473775472492	0.984375
165	30	0.04197127022780478	0.98828125
166	30	0.05204519920516759	0.984375
167	30	0.03191997786052525	0.98828125
168	30	0.03517109481617808	0.98046875
169	30	0.04245524574071169	0.984375
170	30	0.02317884803051129	0.9921875
171	30	0.0649885976454243	0.98046875
172	30	0.028287593449931592	0.9921875
173	30	0.008576054002332967	0.99609375
174	30	0.07218479958828539	0.984375
175	30	0.017838918138295412	0.9921875
176	30	0.037116305669769645	0.98828125
177	30	0.046207304985728115	0.98046875
178	30	0.09475398808717728	0.96875
179	30	0.011871007096488029	0.99609375
180	30	0.027925813337787986	0.99609375
181	30	0.023633168020751327	0.9921875
182	30	0.050368168973363936	0.98828125
183	30	0.021651825751177967	0.98828125
184	30	0.02922392846085131	0.98828125
185	30	0.0356190528254956	0.98828125
186	30	0.011030217283405364	0.9921875
187	30	0.011998144211247563	1.0
188	30	0.047820603707805276	0.98046875
189	30	0.04653536228579469	0.98828125
190	30	0.007274507486727089	0.99609375
191	30	0.01691837585531175	1.0
192	30	0.12032758072018623	0.96484375
193	30	0.07167161779943854	0.98828125
194	30	0.04052031505852938	0.984375
195	30	0.027815025066956878	0.99609375
196	30	0.0352340288227424	0.984375
197	30	0.05024654911539983	0.984375
198	30	0.03855680674314499	0.9921875
199	30	0.04072758508846164	0.9921875
200	30	0.0184965036023641	0.99609375
201	30	0.005242173501756042	1.0
202	30	0.023349241993855685	0.98828125
203	30	0.011038271273719147	0.99609375
204	30	0.02755008079111576	0.98828125
205	30	0.0077838196739321575	1.0
206	30	0.004365021959529258	1.0
207	30	0.005372910236474127	1.0
208	30	0.027277616201899946	0.9921875
209	30	0.02341179031645879	0.98828125
210	30	0.003089531761361286	1.0
211	30	0.016784633990027942	0.98828125
212	30	0.017798013519495726	0.9921875
213	30	0.010198664502240717	0.99609375
214	30	0.021607678394502727	0.99609375
215	30	0.006179002142744139	1.0
216	30	0.0021368875459302217	1.0
217	30	0.0035173005708202254	1.0
218	30	0.0028121785435359925	1.0
219	30	0.017502575123216957	0.98828125
220	30	0.002841821815309231	1.0
221	30	0.019425796577706933	0.99609375
222	30	0.012657584506087005	0.99609375
223	30	0.019165064790286124	0.9921875
224	30	0.007947867252369178	0.99609375
225	30	0.011267265130300075	0.99609375
226	30	0.013369188091019168	0.9921875
227	30	0.0132803938104189	0.99609375
228	30	0.015014184114988893	0.99609375
229	30	0.012675942474743351	0.99609375
230	30	0.01640840747859329	0.99609375
231	30	0.0025310220516985282	1.0
232	30	0.012190999870654196	0.99609375
233	30	0.009812178439460695	0.9921875
234	30	0.04357400629669428	0.984375
235	30	0.024876548908650875	0.9921875
236	30	0.03246807120740414	0.99609375
237	30	0.19287626072764397	0.94140625
238	30	0.012728019966743886	1.0
239	30	0.015110639273189008	0.99609375
240	30	0.06182198435999453	0.9765625
241	30	0.04686840472277254	0.984375
242	30	0.05053952778689563	0.98046875
243	30	0.10352906104526483	0.9765625
244	30	0.027611372293904424	0.98828125
245	30	0.02727109583793208	0.99609375
246	30	0.008205599006032571	0.99609375
247	30	0.005715235747629777	1.0
248	30	0.013896100426791236	0.99609375
249	30	0.02802572981454432	0.98828125
250	30	0.004231890314258635	1.0
251	30	0.005061939038569108	1.0
252	30	0.02864361794490833	0.98828125
253	30	0.012449249596102163	0.99609375
254	30	0.013538871513446793	0.99609375
255	30	0.0065579754882492125	0.99609375
256	30	0.035889018181478605	0.9921875
257	30	0.006412241404177621	1.0
258	30	0.035517318872734904	0.98828125
259	30	0.00454965079552494	1.0
260	30	0.0008341412103618495	1.0
261	30	0.010207494342466816	0.99609375
262	30	0.007183208828791976	0.99609375
263	30	0.014543299796059728	0.9921875
264	30	0.003988087970355991	0.99609375
265	30	0.005522970735910349	0.99609375
266	30	0.027379439678043127	0.9921875
267	30	0.008108763842756161	0.99609375
268	30	0.008779924664850114	0.99609375
269	30	0.0012750125333695905	1.0
270	30	0.002444862009724602	1.0
271	30	0.0033575468260096386	1.0
272	30	0.08392685744911432	0.984375
273	30	0.023708987748250365	0.98828125
274	30	0.006089145608711988	1.0
275	30	0.018121612432878464	0.9921875
276	30	0.020827423453738447	0.9921875
277	30	0.002448491672112141	1.0
278	30	0.027294724353851052	0.9921875
279	30	0.0063757685566088185	1.0
280	30	0.005840972546138801	0.99609375
281	30	0.02399005863117054	0.9921875
282	30	0.020453920820727944	0.99609375
283	30	0.003534373769070953	1.0
284	30	0.03399298162548803	0.98828125
285	30	0.029960744665004313	0.98828125
286	30	0.0032672706292942166	1.0
287	30	0.0014045667994651012	1.0
288	30	0.06274166508956114	0.984375
289	30	0.010864364157896489	0.9921875
290	30	0.029411508818157017	0.98828125
291	30	0.1089892191812396	0.953125
292	30	0.10521408682689071	0.95703125
293	30	0.032769352197647095	0.98828125
294	30	0.07188525656238198	0.96484375
295	30	0.07516904739895836	0.97265625
296	30	0.017067951062927023	0.99609375
297	30	0.014931780868209898	0.99609375
298	30	0.01512360415654257	0.9921875
299	30	0.005101950926473364	1.0
300	30	0.06567495269700885	0.984375
301	30	0.00712584778375458	0.99609375
302	30	0.010651396121829748	1.0
303	30	0.01288681651931256	0.99609375
304	30	0.03152604703063844	0.984375
305	30	0.046002553193829954	0.9765625
306	30	0.004574074388074223	1.0
307	30	0.011102985707111657	0.9921875
308	30	0.004248258381267078	1.0
309	30	0.0027059680578531697	1.0
310	30	0.006482842727564275	0.99609375
311	30	0.004325483489083126	1.0
312	30	0.01235725951846689	0.99609375
313	30	0.01348744255665224	0.9921875
314	30	0.0010080446145366295	1.0
315	30	0.004894721474556718	0.99609375
316	30	0.014317296496301424	0.9921875
317	30	0.03830318243126385	0.9921875
318	30	0.03120555932400748	0.9921875
319	30	0.002241961730760522	1.0
320	30	0.001988185289519606	1.0
321	30	0.008219669252866879	1.0
322	30	0.03616801952011883	0.9921875
323	30	0.0014995808669482358	1.0
324	30	0.007595176098220691	0.99609375
325	30	0.008855918247718364	0.99609375
326	30	0.0012610356743607554	1.0
327	30	0.0019837101153825643	1.0
328	30	0.02033666104398435	0.9921875
329	30	0.02162792558374349	0.99609375
330	30	0.013066260085906833	0.9921875
331	30	0.022177243012947656	0.9921875
332	30	0.002407171363302041	1.0
333	30	0.01954853069037199	0.9921875
334	30	0.011570485949050635	0.9921875
335	30	0.008841454742650967	0.9921875
336	30	0.025013320380821824	0.9921875
337	30	0.025288885120971827	0.99609375
338	30	0.01418361536343582	0.99609375
339	30	0.00017307719463133253	1.0
340	30	0.0009264900363632478	1.0
341	30	0.004158014526183251	1.0
342	30	0.027727948152460158	0.98828125
343	30	0.0009516640348010696	1.0
344	30	0.01956052625337179	0.99609375
345	30	0.027062669687438756	0.98828125
346	30	0.0032768885284895077	1.0
347	30	0.00940191586232686	0.99609375
348	30	0.01012133552285377	0.9921875
349	30	0.000519074936164543	1.0
350	30	0.011483292011689628	0.9921875
351	30	0.0034379977005301043	1.0
352	30	0.05825863991049118	0.984375
353	30	0.00881698624289129	0.99609375
354	30	0.00563767077983357	1.0
355	30	0.0008510287989338394	1.0
356	30	0.0005255102150840685	1.0
357	30	0.008363635461137164	0.9921875
358	30	0.06693603738676757	0.98046875
359	30	0.00025185950471495744	1.0
360	30	0.004336633246566635	1.0
361	30	0.006288111093454063	0.99609375
362	30	0.009023630715091713	0.99609375
363	30	0.007200472100521438	0.99609375
364	30	0.003900364874425577	0.99609375
365	30	0.004750658990815282	0.99609375
366	30	0.0014920479734428227	1.0
367	30	0.010808462950080866	0.99609375
368	30	0.0028480197943281382	1.0
369	30	0.0011126528261229396	1.0
370	30	0.009043216978170676	0.99609375
371	30	0.0208941696328111	0.9921875
372	30	0.004156064547714777	0.99609375
373	30	0.025314156562671997	0.9921875
374	30	0.0023587975301779807	1.0
375	30	0.004907295162411174	0.99609375
376	30	0.0024257720178866293	1.0
377	30	0.0015180908503680257	1.0
378	30	0.025957673242373858	0.98828125
379	30	0.015046321997942869	0.9921875
380	30	0.018378968130491558	0.99609375
381	30	0.0039961229340406135	1.0
382	30	0.001644742937060073	1.0
383	30	0.029552720778156072	0.9921875
384	30	0.0003143705707771005	1.0
385	30	0.002380370468017645	1.0
386	30	0.004078521314113459	0.99609375
387	30	0.0035281189484521747	1.0
388	30	0.03310396610686439	0.99609375
389	30	0.005621740768219752	1.0
390	30	0.010207196901319548	0.99609375
391	30	0.004188322651316412	1.0
392	30	0.003327326519865892	1.0
393	30	0.009043259406098514	0.9921875
394	30	0.0010431558839627542	1.0
395	30	0.01984758587605029	0.99609375
396	30	0.03151507570873946	0.99609375
397	30	0.02176167962170439	0.99609375
398	30	0.016933335646172054	0.9921875
399	30	0.008209945441194577	0.99609375
400	30	0.0030277017795015126	1.0
401	30	0.0010989787560902187	1.0
402	30	0.01426556367368903	0.99609375
403	30	0.032634007548040245	0.9921875
404	30	0.005313507535902318	0.99609375
405	30	0.040674769303223	0.9921875
406	30	0.024563220293202903	0.98828125
407	30	0.00869048445019871	1.0
408	30	0.045411549508571625	0.9765625
409	30	0.008770645508775488	0.99609375
410	30	0.0011054202768718824	1.0
411	30	0.037172446620388655	0.9921875
412	30	0.049779702894738875	0.9921875
413	30	0.037633218089467846	0.984375
414	30	0.028655562520725653	0.99609375
415	30	0.003944999654777348	1.0
416	30	0.005458089231979102	0.99609375
417	30	0.003830714260402601	0.99609375
418	30	0.0009863432424026541	1.0
419	30	0.0316371195440297	0.98828125
420	30	0.001913386360683944	1.0
421	30	0.010586424501525471	0.99609375
422	30	0.003530435118591413	1.0
423	30	0.01626604184275493	0.98828125
424	30	0.005470145119033987	1.0
425	30	0.007342318625887856	0.99609375
426	30	0.0008164697865140624	1.0
427	30	0.0019030663825105876	1.0
428	30	0.0006673387333648861	1.0
429	30	0.005215046932789846	0.99609375
430	30	0.00035035556993534556	1.0
431	30	0.0043322119454387575	1.0
432	30	0.0018488979185349308	1.0
433	30	0.002579251087809098	1.0
434	30	0.0006614954763790593	1.0
435	30	0.000962323018029565	1.0
436	30	0.0003787971636484144	1.0
437	30	0.0002675471960174036	1.0
438	30	0.0006455391035160574	1.0
439	30	0.07313039479049621	0.98046875
440	30	0.02222948567941785	0.98828125
441	30	0.016830082051455975	0.9921875
442	30	0.009338586853118613	0.99609375
